3

Sol:
M=332946
X =-7.139143380212696E-03 Y =-2.792019770161695E-03 Z = 2.061838852554664E-04
VX= 5.374260940168565E-06 VY=-7.410965396701423E-06 VZ=-9.422862838391439E-08

Mercury:
M=0.0552735
X =-1.478672233442572E-01 Y =-4.466929775364947E-01 Z =-2.313937582786785E-02
VX= 2.117424563261189E-02 VY=-7.105386404267509E-03 VZ=-2.522925180072137E-03

Venus:
M=0.814998
X =-7.257693602841776E-01 Y =-2.529582082587794E-02 Z = 4.137802526208009E-02
VX= 5.189070188671264E-04 VY=-2.031355258779472E-02 VZ=-3.072687386494688E-04